1 278.782165 96.517924 3.613000 4737.048000
2 279.533376 96.473360 3.557000 4737.793000
3 280.335517 96.416065 3.506000 4738.272000
4 281.124925 96.365135 3.454000 4738.669000
5 281.755179 96.326938 3.413000 4738.975000
6 282.754672 96.256910 3.354000 4739.416000
7 283.677771 96.193248 3.302000 4739.812000
8 284.435348 96.142318 3.258000 4740.118000
9 285.403010 96.078656 3.206000 4740.472000
10 286.217883 96.027726 3.164000 4740.777000
11 287.070954 95.951332 3.120000 4741.121000
12 287.834898 95.868572 3.081000 4741.387000
13 289.089039 95.836741 3.035000 4741.701000
14 290.113996 95.766712 2.990000 4742.009000
15 291.336306 95.690318 2.940000 4742.355000
16 292.972419 95.582093 2.878000 4742.797000
17 294.519405 95.505698 2.823000 4743.200000
18 296.091856 95.422938 2.766000 4743.639000
19 297.727969 95.340177 2.720000 4743.996000
20 299.211293 95.270149 2.678000 4744.345000
21 300.745547 95.193755 2.636000 4744.699000
22 302.528082 95.110994 2.586000 4745.140000
23 304.355181 95.028233 2.543000 4745.537000
24 306.118618 94.951839 2.507000 4745.929000
25 308.365885 94.856346 2.464000 4746.363000
26 310.600421 94.767219 2.425000 4746.804000
27 312.408421 94.703557 2.394000 4747.241000
28 314.159125 94.639895 2.368000 4747.590000
29 315.820703 94.588966 2.348000 4747.849000
30 318.036140 94.518938 2.322000 4748.248000
31 319.850506 94.474374 2.300000 4748.640000
32 321.964084 94.436177 2.281000 4749.035000
33 323.740253 94.410712 2.265000 4749.341000
34 325.821999 94.385247 2.250000 4749.693000
35 327.865549 94.359783 2.240000 4750.004000
36 329.743577 94.347050 2.231000 4750.357000
37 332.487409 94.327952 2.222000 4750.799000
38 334.352704 94.315219 2.219000 4751.109000
39 336.052479 94.315219 2.216000 4751.414000
40 337.866846 94.302487 2.217000 4751.766000
41 339.751240 94.315219 2.219000 4752.117000
42 342.698790 94.327952 2.226000 4752.624000
43 344.430395 94.347050 2.231000 4752.927000
44 346.473945 94.372515 2.241000 4753.319000
45 348.504762 94.397980 2.253000 4753.708000
46 350.790227 94.442543 2.268000 4754.103000
47 353.355805 94.512571 2.292000 4754.626000
48 354.807298 94.557135 2.307000 4754.933000
49 356.296988 94.608064 2.324000 4755.236000
50 358.232312 94.678093 2.348000 4755.584000
51 360.046678 94.735388 2.372000 4755.936000
52 362.319411 94.824515 2.404000 4756.416000
53 364.121045 94.907276 2.434000 4756.808000
54 365.820820 94.990036 2.464000 4757.161000
55 367.552426 95.072797 2.497000 4757.560000
56 369.175806 95.155557 2.530000 4757.955000
57 370.760989 95.238318 2.565000 4758.349000
58 372.409834 95.321079 2.607000 4758.785000
59 373.912257 95.403839 2.645000 4759.183000
60 375.510173 95.492966 2.688000 4759.620000
61 377.069891 95.582093 2.734000 4760.057000
62 378.432257 95.658487 2.775000 4760.452000
63 379.419018 95.715783 2.809000 4760.762000
64 380.221159 95.760346 2.837000 4761.026000
65 381.615356 95.836741 2.886000 4761.466000
66 382.799469 95.900403 2.932000 4761.856000
67 383.951751 95.964064 2.983000 4762.292000
68 385.174061 96.034093 3.036000 4762.729000
69 386.224483 96.097755 3.084000 4763.121000
70 387.376765 96.167783 3.138000 4763.552000
71 388.236202 96.218712 3.187000 4763.938000
72 389.299357 96.276008 3.245000 4764.378000
73 390.209723 96.333304 3.296000 4764.777000
74 391.221949 96.396966 3.354000 4765.215000
75 392.087752 96.447896 3.408000 4765.611000
76 393.023583 96.498825 3.468000 4766.052000
77 393.781160 96.549755 3.524000 4766.440000
78 394.596034 96.594318 3.581000 4766.837000
79 395.366343 96.645248 3.637000 4767.236000
80 396.047527 96.683445 3.688000 4767.586000
81 396.754175 96.734374 3.742000 4767.930000
82 397.753668 96.798036 3.821000 4768.454000
83 398.339358 96.836234 3.879000 4768.844000
84 399.141499 96.899896 3.949100 4769.289000
85 399.962738 96.957191 4.019100 4769.731000
86 0.604789 97.020853 4.086100 4770.171000
87 1.120451 97.059050 4.138100 4770.518000
88 1.527887 97.090881 4.183100 4770.782000
89 2.158141 97.141811 4.249100 4771.180000
90 2.769296 97.192741 4.316100 4771.612000
91 3.297690 97.230938 4.375100 4772.008000
92 3.762423 97.269135 4.431100 4772.355000
93 4.163493 97.294600 4.480100 4772.660000
94 4.660057 97.332797 4.542100 4773.060000
95 5.137522 97.364628 4.605100 4773.455000
96 5.634085 97.402825 4.678100 4773.892000
97 6.238874 97.447389 4.760100 4774.377000
98 6.729071 97.479220 4.831100 4774.818000
99 7.149240 97.511051 4.894100 4775.215000
100 7.652170 97.561980 4.972100 4775.658000
101 8.053240 97.600177 5.037100 4776.054000
102 8.435212 97.632008 5.108100 4776.494000
103 8.823550 97.663839 5.173100 4776.886000
104 9.071832 97.689304 5.219100 4777.149000
105 9.441071 97.721135 5.278100 4777.502000
106 9.740283 97.746600 5.342100 4777.896000
107 10.084057 97.772065 5.406100 4778.289000
108 10.497860 97.803896 5.486100 4778.731000
109 10.586987 97.810262 5.503100 4779.219000
110 10.586987 97.810262 5.501100 4779.569000
111 10.529691 97.810262 5.490100 4779.960000
112 10.396001 97.797529 5.464100 4780.398000
113 10.211381 97.784797 5.428100 4780.801000
114 9.988564 97.759332 5.383100 4781.198000
115 9.714818 97.740234 5.331100 4781.598000
116 9.339212 97.708403 5.261100 4782.039000
117 8.963606 97.676572 5.193100 4782.438000
118 8.511606 97.638374 5.117100 4782.875000
119 8.091437 97.600177 5.047100 4783.314000
120 7.639437 97.555614 4.974100 4783.763000
121 7.149240 97.511051 4.899100 4784.199000
122 6.620846 97.472853 4.815100 4784.727000
123 6.175212 97.441022 4.751100 4785.122000
124 5.697747 97.409191 4.685100 4785.511000
125 5.379437 97.383727 4.639100 4785.778000
126 4.965634 97.351896 4.584100 4786.126000
127 4.602761 97.326431 4.537100 4786.430000
128 4.042536 97.288234 4.468100 4786.869000
129 3.425014 97.237304 4.396100 4787.306000
130 2.902986 97.199107 4.329100 4787.746000
131 2.291831 97.154543 4.263100 4788.181000
132 1.769803 97.109980 4.204100 4788.535000
133 1.273240 97.071783 4.151100 4788.839000
134 0.592056 97.014487 4.084100 4789.280000
135 399.962738 96.944459 4.019100 4789.718000
136 399.389780 96.861698 3.963100 4790.069000
137 398.759527 96.868065 3.912000 4790.373000
138 398.167470 96.823501 3.859000 4790.724000
139 397.308034 96.772572 3.788000 4791.207000
140 396.556822 96.721642 3.723000 4791.636000
141 395.754681 96.664346 3.663000 4792.031000
142 394.799752 96.607050 3.596000 4792.509000
143 394.207695 96.575219 3.552000 4792.814000
144 393.583808 96.537022 3.506000 4793.126000
145 392.826231 96.486093 3.458000 4793.477000
146 391.769442 96.428797 3.392000 4793.956000
147 390.878174 96.371501 3.337000 4794.354000
148 389.961442 96.314205 3.279000 4794.787000
149 388.802794 96.244177 3.216000 4795.268000
150 387.707808 96.180515 3.160000 4795.699000
151 386.682850 96.123219 3.105000 4796.135000
152 385.237723 96.040459 3.040000 4796.655000
153 384.282793 95.983163 2.997000 4797.008000
154 382.996821 95.913135 2.943000 4797.455000
155 381.806342 95.849473 2.897000 4797.851000
156 380.577666 95.779445 2.848000 4798.281000
157 378.979750 95.683952 2.795000 4798.766000
158 377.299074 95.594825 2.744000 4799.252000
159 376.083131 95.524797 2.702000 4799.645000
160 374.332426 95.429304 2.655000 4800.126000
161 372.658116 95.333811 2.614000 4800.560000
162 370.856482 95.238318 2.568000 4801.036000
163 369.653271 95.181022 2.539000 4801.346000
164 368.265440 95.110994 2.511000 4801.694000
165 366.183693 95.002769 2.473000 4802.171000
166 364.082848 94.907276 2.435000 4802.611000
167 362.306679 94.830881 2.403000 4803.048000
168 360.746960 94.767219 2.382000 4803.362000
169 358.779805 94.697191 2.356000 4803.753000
170 356.577101 94.614431 2.325000 4804.194000
171 354.094284 94.531670 2.299000 4804.679000
172 351.897945 94.468008 2.279000 4805.117000
173 349.154114 94.410712 2.258000 4805.599000
174 347.066001 94.378881 2.245000 4806.044000
175 344.774170 94.347050 2.233000 4806.483000
176 342.176761 94.404346 2.222000 4806.961000
177 339.509325 94.315219 2.219000 4807.400000
178 337.223860 94.283388 2.216000 4807.887000
179 334.970226 94.315219 2.217000 4808.284000
180 331.258732 94.334318 2.224000 4808.851000
181 328.979634 94.347050 2.234000 4809.291000
182 325.758338 94.385247 2.251000 4809.818000
183 323.638394 94.410712 2.266000 4810.170000
184 321.301999 94.442543 2.286000 4810.562000
185 319.022900 94.499839 2.309000 4811.000000
186 316.533717 94.563501 2.339000 4811.484000
187 313.764421 94.658994 2.375000 4811.963000
188 311.669942 94.729022 2.405000 4812.407000
189 309.760083 94.805417 2.440000 4812.846000
190 307.468251 94.894543 2.482000 4813.282000
191 305.087294 94.996402 2.527000 4813.760000
192 303.298392 95.079163 2.571000 4814.195000
193 301.025659 95.181022 2.626000 4814.677000
194 298.848420 95.289248 2.683000 4815.160000
195 296.976758 95.378374 2.743000 4815.646000
196 295.340645 95.461135 2.794000 4816.041000
197 293.398954 95.556628 2.857000 4816.519000
198 291.737377 95.658487 2.918000 4816.958000
199 290.145827 95.760346 2.981000 4817.399000
200 288.598841 95.862205 3.053000 4817.885000
201 287.153715 95.868572 3.114000 4818.297000
202 285.714954 96.059557 3.189000 4818.866000
203 284.709095 96.129586 3.242000 4819.212000
204 283.785996 96.186881 3.294000 4819.566000
205 282.741940 96.256910 3.352000 4820.008000
206 281.736080 96.326938 3.412000 4820.450000
207 280.991235 96.371501 3.465000 4820.843000
208 280.259122 96.422431 3.514000 4821.196000
209 279.348756 96.486093 3.574000 4821.636000
210 278.355629 96.549755 3.643000 4822.124000
211 277.477094 96.607050 3.709000 4822.606000
